0 0.409145 0.484874 0.00593824 0.0352941
0 0.304632 0.715126 0.205463 0.00840336
0 0.499406 0.469748 0.0391924 0.00840336
0 0.305819 0.540336 0.00593824 0.146218
0 0.44715 0.714286 0.0510689 0.010084
0 0.549287 0.464706 0.00593824 0.388235
0 0.0314727 0.468067 0.00593824 0.236975
0 0.304632 0.712605 0.212589 0.010084
0 0.305226 0.631092 0.00475059 0.0521008
0 0.305819 0.371429 0.00593824 0.0638655
0 0.145487 0.54958 0.00593824 0.0470588
0 0.155582 0.468067 0.0712589 0.00840336
0 0.334323 0.309244 0.00593824 0.0571429
0 0.145487 0.714286 0.084323 0.00672269
0 0.305226 0.431092 0.144893 0.00840336
0 0.409739 0.557143 0.00475059 0.0722689
0 0.141924 0.390756 0.00593824 0.0554622
